Apr 26, 2023 11:40:14 PM logic.SimulationManager run
INFO: 
Time: 0
Waiting Clients: (1, 32, 6); (2, 23, 4); (3, 9, 6); (4, 17, 1); (5, 34, 7); (6, 24, 4); (7, 33, 6); (8, 34, 2); (9, 23, 4); (10, 19, 3); (11, 32, 1); (12, 27, 6); (13, 13, 7); (14, 9, 3); (15, 34, 5); (16, 30, 4); (17, 25, 5); (18, 25, 7); (19, 28, 3); (20, 4, 7); (21, 38, 5); (22, 9, 4); (23, 14, 3); (24, 38, 1); (25, 23, 4); (26, 3, 6); (27, 3, 1); (28, 23, 4); (29, 20, 4); (30, 7, 6); (31, 7, 3); (32, 5, 6); (33, 36, 6); (34, 38, 6); (35, 9, 2); (36, 12, 3); (37, 29, 2); (38, 28, 3); (39, 21, 6); (40, 29, 3); (41, 26, 4); (42, 15, 1); (43, 4, 6); (44, 4, 6); (45, 24, 4); (46, 33, 6); (47, 29, 4); (48, 36, 2); (49, 20, 4); (50, 39, 7); 
Queue 1: closed
Queue 2: closed
Queue 3: closed
Queue 4: closed
Queue 5: closed

Apr 26, 2023 11:40:16 PM logic.SimulationManager run
INFO: 
Time: 1
Waiting Clients: (1, 32, 6); (2, 23, 4); (3, 9, 6); (4, 17, 1); (5, 34, 7); (6, 24, 4); (7, 33, 6); (8, 34, 2); (9, 23, 4); (10, 19, 3); (11, 32, 1); (12, 27, 6); (13, 13, 7); (14, 9, 3); (15, 34, 5); (16, 30, 4); (17, 25, 5); (18, 25, 7); (19, 28, 3); (20, 4, 7); (21, 38, 5); (22, 9, 4); (23, 14, 3); (24, 38, 1); (25, 23, 4); (26, 3, 6); (27, 3, 1); (28, 23, 4); (29, 20, 4); (30, 7, 6); (31, 7, 3); (32, 5, 6); (33, 36, 6); (34, 38, 6); (35, 9, 2); (36, 12, 3); (37, 29, 2); (38, 28, 3); (39, 21, 6); (40, 29, 3); (41, 26, 4); (42, 15, 1); (43, 4, 6); (44, 4, 6); (45, 24, 4); (46, 33, 6); (47, 29, 4); (48, 36, 2); (49, 20, 4); (50, 39, 7); 
Queue 1: closed
Queue 2: closed
Queue 3: closed
Queue 4: closed
Queue 5: closed

Apr 26, 2023 11:40:17 PM logic.SimulationManager run
INFO: 
Time: 2
Waiting Clients: (1, 32, 6); (2, 23, 4); (3, 9, 6); (4, 17, 1); (5, 34, 7); (6, 24, 4); (7, 33, 6); (8, 34, 2); (9, 23, 4); (10, 19, 3); (11, 32, 1); (12, 27, 6); (13, 13, 7); (14, 9, 3); (15, 34, 5); (16, 30, 4); (17, 25, 5); (18, 25, 7); (19, 28, 3); (20, 4, 7); (21, 38, 5); (22, 9, 4); (23, 14, 3); (24, 38, 1); (25, 23, 4); (26, 3, 6); (27, 3, 1); (28, 23, 4); (29, 20, 4); (30, 7, 6); (31, 7, 3); (32, 5, 6); (33, 36, 6); (34, 38, 6); (35, 9, 2); (36, 12, 3); (37, 29, 2); (38, 28, 3); (39, 21, 6); (40, 29, 3); (41, 26, 4); (42, 15, 1); (43, 4, 6); (44, 4, 6); (45, 24, 4); (46, 33, 6); (47, 29, 4); (48, 36, 2); (49, 20, 4); (50, 39, 7); 
Queue 1: closed
Queue 2: closed
Queue 3: closed
Queue 4: closed
Queue 5: closed

Apr 26, 2023 11:40:18 PM logic.SimulationManager run
INFO: 
Time: 3
Waiting Clients: (1, 32, 6); (2, 23, 4); (3, 9, 6); (4, 17, 1); (5, 34, 7); (6, 24, 4); (7, 33, 6); (8, 34, 2); (9, 23, 4); (10, 19, 3); (11, 32, 1); (12, 27, 6); (13, 13, 7); (14, 9, 3); (15, 34, 5); (16, 30, 4); (17, 25, 5); (18, 25, 7); (19, 28, 3); (20, 4, 7); (21, 38, 5); (22, 9, 4); (23, 14, 3); (24, 38, 1); (25, 23, 4); (28, 23, 4); (29, 20, 4); (30, 7, 6); (31, 7, 3); (32, 5, 6); (33, 36, 6); (34, 38, 6); (35, 9, 2); (36, 12, 3); (37, 29, 2); (38, 28, 3); (39, 21, 6); (40, 29, 3); (41, 26, 4); (42, 15, 1); (43, 4, 6); (44, 4, 6); (45, 24, 4); (46, 33, 6); (47, 29, 4); (48, 36, 2); (49, 20, 4); (50, 39, 7); 
Queue 1: (26, 3, 6); 
Queue 2: (27, 3, 1); 
Queue 3: closed
Queue 4: closed
Queue 5: closed

Apr 26, 2023 11:40:19 PM logic.SimulationManager run
INFO: 
Time: 4
Waiting Clients: (1, 32, 6); (2, 23, 4); (3, 9, 6); (4, 17, 1); (5, 34, 7); (6, 24, 4); (7, 33, 6); (8, 34, 2); (9, 23, 4); (10, 19, 3); (11, 32, 1); (12, 27, 6); (13, 13, 7); (14, 9, 3); (15, 34, 5); (16, 30, 4); (17, 25, 5); (18, 25, 7); (19, 28, 3); (21, 38, 5); (22, 9, 4); (23, 14, 3); (24, 38, 1); (25, 23, 4); (28, 23, 4); (29, 20, 4); (30, 7, 6); (31, 7, 3); (32, 5, 6); (33, 36, 6); (34, 38, 6); (35, 9, 2); (36, 12, 3); (37, 29, 2); (38, 28, 3); (39, 21, 6); (40, 29, 3); (41, 26, 4); (42, 15, 1); (45, 24, 4); (46, 33, 6); (47, 29, 4); (48, 36, 2); (49, 20, 4); (50, 39, 7); 
Queue 1: (26, 3, 6); 
Queue 2: (43, 4, 6); 
Queue 3: (20, 4, 7); 
Queue 4: (44, 4, 6); 
Queue 5: closed

Apr 26, 2023 11:40:20 PM logic.SimulationManager run
INFO: 
Time: 5
Waiting Clients: (1, 32, 6); (2, 23, 4); (3, 9, 6); (4, 17, 1); (5, 34, 7); (6, 24, 4); (7, 33, 6); (8, 34, 2); (9, 23, 4); (10, 19, 3); (11, 32, 1); (12, 27, 6); (13, 13, 7); (14, 9, 3); (15, 34, 5); (16, 30, 4); (17, 25, 5); (18, 25, 7); (19, 28, 3); (21, 38, 5); (22, 9, 4); (23, 14, 3); (24, 38, 1); (25, 23, 4); (28, 23, 4); (29, 20, 4); (30, 7, 6); (31, 7, 3); (33, 36, 6); (34, 38, 6); (35, 9, 2); (36, 12, 3); (37, 29, 2); (38, 28, 3); (39, 21, 6); (40, 29, 3); (41, 26, 4); (42, 15, 1); (45, 24, 4); (46, 33, 6); (47, 29, 4); (48, 36, 2); (49, 20, 4); (50, 39, 7); 
Queue 1: (26, 3, 6); 
Queue 2: (43, 4, 6); 
Queue 3: (20, 4, 7); 
Queue 4: (44, 4, 6); 
Queue 5: (32, 5, 6); 

Apr 26, 2023 11:40:21 PM logic.SimulationManager run
INFO: 
Time: 6
Waiting Clients: (1, 32, 6); (2, 23, 4); (3, 9, 6); (4, 17, 1); (5, 34, 7); (6, 24, 4); (7, 33, 6); (8, 34, 2); (9, 23, 4); (10, 19, 3); (11, 32, 1); (12, 27, 6); (13, 13, 7); (14, 9, 3); (15, 34, 5); (16, 30, 4); (17, 25, 5); (18, 25, 7); (19, 28, 3); (21, 38, 5); (22, 9, 4); (23, 14, 3); (24, 38, 1); (25, 23, 4); (28, 23, 4); (29, 20, 4); (30, 7, 6); (31, 7, 3); (33, 36, 6); (34, 38, 6); (35, 9, 2); (36, 12, 3); (37, 29, 2); (38, 28, 3); (39, 21, 6); (40, 29, 3); (41, 26, 4); (42, 15, 1); (45, 24, 4); (46, 33, 6); (47, 29, 4); (48, 36, 2); (49, 20, 4); (50, 39, 7); 
Queue 1: (26, 3, 6); 
Queue 2: (43, 4, 6); 
Queue 3: (20, 4, 7); 
Queue 4: (44, 4, 6); 
Queue 5: (32, 5, 6); 

Apr 26, 2023 11:40:22 PM logic.SimulationManager run
INFO: 
Time: 7
Waiting Clients: (1, 32, 6); (2, 23, 4); (3, 9, 6); (4, 17, 1); (5, 34, 7); (6, 24, 4); (7, 33, 6); (8, 34, 2); (9, 23, 4); (10, 19, 3); (11, 32, 1); (12, 27, 6); (13, 13, 7); (14, 9, 3); (15, 34, 5); (16, 30, 4); (17, 25, 5); (18, 25, 7); (19, 28, 3); (21, 38, 5); (22, 9, 4); (23, 14, 3); (24, 38, 1); (25, 23, 4); (28, 23, 4); (29, 20, 4); (33, 36, 6); (34, 38, 6); (35, 9, 2); (36, 12, 3); (37, 29, 2); (38, 28, 3); (39, 21, 6); (40, 29, 3); (41, 26, 4); (42, 15, 1); (45, 24, 4); (46, 33, 6); (47, 29, 4); (48, 36, 2); (49, 20, 4); (50, 39, 7); 
Queue 1: (26, 3, 6); (30, 7, 6); 
Queue 2: (43, 4, 6); (31, 7, 3); 
Queue 3: (20, 4, 7); 
Queue 4: (44, 4, 6); 
Queue 5: (32, 5, 6); 

Apr 26, 2023 11:40:23 PM logic.SimulationManager run
INFO: 
Time: 8
Waiting Clients: (1, 32, 6); (2, 23, 4); (3, 9, 6); (4, 17, 1); (5, 34, 7); (6, 24, 4); (7, 33, 6); (8, 34, 2); (9, 23, 4); (10, 19, 3); (11, 32, 1); (12, 27, 6); (13, 13, 7); (14, 9, 3); (15, 34, 5); (16, 30, 4); (17, 25, 5); (18, 25, 7); (19, 28, 3); (21, 38, 5); (22, 9, 4); (23, 14, 3); (24, 38, 1); (25, 23, 4); (28, 23, 4); (29, 20, 4); (33, 36, 6); (34, 38, 6); (35, 9, 2); (36, 12, 3); (37, 29, 2); (38, 28, 3); (39, 21, 6); (40, 29, 3); (41, 26, 4); (42, 15, 1); (45, 24, 4); (46, 33, 6); (47, 29, 4); (48, 36, 2); (49, 20, 4); (50, 39, 7); 
Queue 1: (26, 3, 6); (30, 7, 6); 
Queue 2: (43, 4, 6); (31, 7, 3); 
Queue 3: (20, 4, 7); 
Queue 4: (44, 4, 6); 
Queue 5: (32, 5, 6); 

Apr 26, 2023 11:40:24 PM logic.SimulationManager run
INFO: 
Time: 9
Waiting Clients: (1, 32, 6); (2, 23, 4); (4, 17, 1); (5, 34, 7); (6, 24, 4); (7, 33, 6); (8, 34, 2); (9, 23, 4); (10, 19, 3); (11, 32, 1); (12, 27, 6); (13, 13, 7); (15, 34, 5); (16, 30, 4); (17, 25, 5); (18, 25, 7); (19, 28, 3); (21, 38, 5); (23, 14, 3); (24, 38, 1); (25, 23, 4); (28, 23, 4); (29, 20, 4); (33, 36, 6); (34, 38, 6); (36, 12, 3); (37, 29, 2); (38, 28, 3); (39, 21, 6); (40, 29, 3); (41, 26, 4); (42, 15, 1); (45, 24, 4); (46, 33, 6); (47, 29, 4); (48, 36, 2); (49, 20, 4); (50, 39, 7); 
Queue 1: (30, 7, 6); 
Queue 2: (43, 4, 6); (31, 7, 3); (35, 9, 2); 
Queue 3: (20, 4, 7); (22, 9, 4); 
Queue 4: (44, 4, 6); (3, 9, 6); 
Queue 5: (32, 5, 6); (14, 9, 3); 

Apr 26, 2023 11:40:25 PM logic.SimulationManager run
INFO: 
Time: 10
Waiting Clients: (1, 32, 6); (2, 23, 4); (4, 17, 1); (5, 34, 7); (6, 24, 4); (7, 33, 6); (8, 34, 2); (9, 23, 4); (10, 19, 3); (11, 32, 1); (12, 27, 6); (13, 13, 7); (15, 34, 5); (16, 30, 4); (17, 25, 5); (18, 25, 7); (19, 28, 3); (21, 38, 5); (23, 14, 3); (24, 38, 1); (25, 23, 4); (28, 23, 4); (29, 20, 4); (33, 36, 6); (34, 38, 6); (36, 12, 3); (37, 29, 2); (38, 28, 3); (39, 21, 6); (40, 29, 3); (41, 26, 4); (42, 15, 1); (45, 24, 4); (46, 33, 6); (47, 29, 4); (48, 36, 2); (49, 20, 4); (50, 39, 7); 
Queue 1: (30, 7, 6); 
Queue 2: (31, 7, 3); (35, 9, 2); 
Queue 3: (20, 4, 7); (22, 9, 4); 
Queue 4: (3, 9, 6); 
Queue 5: (32, 5, 6); (14, 9, 3); 

Apr 26, 2023 11:40:26 PM logic.SimulationManager run
INFO: 
Time: 11
Waiting Clients: (1, 32, 6); (2, 23, 4); (4, 17, 1); (5, 34, 7); (6, 24, 4); (7, 33, 6); (8, 34, 2); (9, 23, 4); (10, 19, 3); (11, 32, 1); (12, 27, 6); (13, 13, 7); (15, 34, 5); (16, 30, 4); (17, 25, 5); (18, 25, 7); (19, 28, 3); (21, 38, 5); (23, 14, 3); (24, 38, 1); (25, 23, 4); (28, 23, 4); (29, 20, 4); (33, 36, 6); (34, 38, 6); (36, 12, 3); (37, 29, 2); (38, 28, 3); (39, 21, 6); (40, 29, 3); (41, 26, 4); (42, 15, 1); (45, 24, 4); (46, 33, 6); (47, 29, 4); (48, 36, 2); (49, 20, 4); (50, 39, 7); 
Queue 1: (30, 7, 6); 
Queue 2: (31, 7, 3); (35, 9, 2); 
Queue 3: (22, 9, 4); 
Queue 4: (3, 9, 6); 
Queue 5: (14, 9, 3); 

Apr 26, 2023 11:40:27 PM logic.SimulationManager run
INFO: 
Time: 12
Waiting Clients: (1, 32, 6); (2, 23, 4); (4, 17, 1); (5, 34, 7); (6, 24, 4); (7, 33, 6); (8, 34, 2); (9, 23, 4); (10, 19, 3); (11, 32, 1); (12, 27, 6); (13, 13, 7); (15, 34, 5); (16, 30, 4); (17, 25, 5); (18, 25, 7); (19, 28, 3); (21, 38, 5); (23, 14, 3); (24, 38, 1); (25, 23, 4); (28, 23, 4); (29, 20, 4); (33, 36, 6); (34, 38, 6); (37, 29, 2); (38, 28, 3); (39, 21, 6); (40, 29, 3); (41, 26, 4); (42, 15, 1); (45, 24, 4); (46, 33, 6); (47, 29, 4); (48, 36, 2); (49, 20, 4); (50, 39, 7); 
Queue 1: (30, 7, 6); 
Queue 2: (31, 7, 3); (35, 9, 2); 
Queue 3: (22, 9, 4); 
Queue 4: (3, 9, 6); 
Queue 5: (14, 9, 3); (36, 12, 3); 

Apr 26, 2023 11:40:28 PM logic.SimulationManager run
INFO: 
Time: 13
Waiting Clients: (1, 32, 6); (2, 23, 4); (4, 17, 1); (5, 34, 7); (6, 24, 4); (7, 33, 6); (8, 34, 2); (9, 23, 4); (10, 19, 3); (11, 32, 1); (12, 27, 6); (15, 34, 5); (16, 30, 4); (17, 25, 5); (18, 25, 7); (19, 28, 3); (21, 38, 5); (23, 14, 3); (24, 38, 1); (25, 23, 4); (28, 23, 4); (29, 20, 4); (33, 36, 6); (34, 38, 6); (37, 29, 2); (38, 28, 3); (39, 21, 6); (40, 29, 3); (41, 26, 4); (42, 15, 1); (45, 24, 4); (46, 33, 6); (47, 29, 4); (48, 36, 2); (49, 20, 4); (50, 39, 7); 
Queue 1: (30, 7, 6); 
Queue 2: (35, 9, 2); (13, 13, 7); 
Queue 3: (22, 9, 4); 
Queue 4: (3, 9, 6); 
Queue 5: (14, 9, 3); (36, 12, 3); 

Apr 26, 2023 11:40:29 PM logic.SimulationManager run
INFO: 
Time: 14
Waiting Clients: (1, 32, 6); (2, 23, 4); (4, 17, 1); (5, 34, 7); (6, 24, 4); (7, 33, 6); (8, 34, 2); (9, 23, 4); (10, 19, 3); (11, 32, 1); (12, 27, 6); (15, 34, 5); (16, 30, 4); (17, 25, 5); (18, 25, 7); (19, 28, 3); (21, 38, 5); (24, 38, 1); (25, 23, 4); (28, 23, 4); (29, 20, 4); (33, 36, 6); (34, 38, 6); (37, 29, 2); (38, 28, 3); (39, 21, 6); (40, 29, 3); (41, 26, 4); (42, 15, 1); (45, 24, 4); (46, 33, 6); (47, 29, 4); (48, 36, 2); (49, 20, 4); (50, 39, 7); 
Queue 1: (30, 7, 6); 
Queue 2: (35, 9, 2); (13, 13, 7); 
Queue 3: (22, 9, 4); (23, 14, 3); 
Queue 4: (3, 9, 6); 
Queue 5: (36, 12, 3); 

Apr 26, 2023 11:40:30 PM logic.SimulationManager run
INFO: 
Time: 15
Waiting Clients: (1, 32, 6); (2, 23, 4); (4, 17, 1); (5, 34, 7); (6, 24, 4); (7, 33, 6); (8, 34, 2); (9, 23, 4); (10, 19, 3); (11, 32, 1); (12, 27, 6); (15, 34, 5); (16, 30, 4); (17, 25, 5); (18, 25, 7); (19, 28, 3); (21, 38, 5); (24, 38, 1); (25, 23, 4); (28, 23, 4); (29, 20, 4); (33, 36, 6); (34, 38, 6); (37, 29, 2); (38, 28, 3); (39, 21, 6); (40, 29, 3); (41, 26, 4); (45, 24, 4); (46, 33, 6); (47, 29, 4); (48, 36, 2); (49, 20, 4); (50, 39, 7); 
Queue 1: closed
Queue 2: (13, 13, 7); 
Queue 3: (23, 14, 3); 
Queue 4: (3, 9, 6); 
Queue 5: (36, 12, 3); (42, 15, 1); 

Apr 26, 2023 11:40:31 PM logic.SimulationManager run
INFO: 
Time: 16
Waiting Clients: (1, 32, 6); (2, 23, 4); (4, 17, 1); (5, 34, 7); (6, 24, 4); (7, 33, 6); (8, 34, 2); (9, 23, 4); (10, 19, 3); (11, 32, 1); (12, 27, 6); (15, 34, 5); (16, 30, 4); (17, 25, 5); (18, 25, 7); (19, 28, 3); (21, 38, 5); (24, 38, 1); (25, 23, 4); (28, 23, 4); (29, 20, 4); (33, 36, 6); (34, 38, 6); (37, 29, 2); (38, 28, 3); (39, 21, 6); (40, 29, 3); (41, 26, 4); (45, 24, 4); (46, 33, 6); (47, 29, 4); (48, 36, 2); (49, 20, 4); (50, 39, 7); 
Queue 1: closed
Queue 2: (13, 13, 7); 
Queue 3: (23, 14, 3); 
Queue 4: closed
Queue 5: (36, 12, 3); (42, 15, 1); 

Apr 26, 2023 11:40:32 PM logic.SimulationManager run
INFO: 
Time: 17
Waiting Clients: (1, 32, 6); (2, 23, 4); (5, 34, 7); (6, 24, 4); (7, 33, 6); (8, 34, 2); (9, 23, 4); (10, 19, 3); (11, 32, 1); (12, 27, 6); (15, 34, 5); (16, 30, 4); (17, 25, 5); (18, 25, 7); (19, 28, 3); (21, 38, 5); (24, 38, 1); (25, 23, 4); (28, 23, 4); (29, 20, 4); (33, 36, 6); (34, 38, 6); (37, 29, 2); (38, 28, 3); (39, 21, 6); (40, 29, 3); (41, 26, 4); (45, 24, 4); (46, 33, 6); (47, 29, 4); (48, 36, 2); (49, 20, 4); (50, 39, 7); 
Queue 1: (4, 17, 1); 
Queue 2: (13, 13, 7); 
Queue 3: (23, 14, 3); 
Queue 4: closed
Queue 5: (42, 15, 1); 

Apr 26, 2023 11:40:33 PM logic.SimulationManager run
INFO: 
Time: 18
Waiting Clients: (1, 32, 6); (2, 23, 4); (5, 34, 7); (6, 24, 4); (7, 33, 6); (8, 34, 2); (9, 23, 4); (10, 19, 3); (11, 32, 1); (12, 27, 6); (15, 34, 5); (16, 30, 4); (17, 25, 5); (18, 25, 7); (19, 28, 3); (21, 38, 5); (24, 38, 1); (25, 23, 4); (28, 23, 4); (29, 20, 4); (33, 36, 6); (34, 38, 6); (37, 29, 2); (38, 28, 3); (39, 21, 6); (40, 29, 3); (41, 26, 4); (45, 24, 4); (46, 33, 6); (47, 29, 4); (48, 36, 2); (49, 20, 4); (50, 39, 7); 
Queue 1: closed
Queue 2: (13, 13, 7); 
Queue 3: closed
Queue 4: closed
Queue 5: closed

Apr 26, 2023 11:40:34 PM logic.SimulationManager run
INFO: 
Time: 19
Waiting Clients: (1, 32, 6); (2, 23, 4); (5, 34, 7); (6, 24, 4); (7, 33, 6); (8, 34, 2); (9, 23, 4); (11, 32, 1); (12, 27, 6); (15, 34, 5); (16, 30, 4); (17, 25, 5); (18, 25, 7); (19, 28, 3); (21, 38, 5); (24, 38, 1); (25, 23, 4); (28, 23, 4); (29, 20, 4); (33, 36, 6); (34, 38, 6); (37, 29, 2); (38, 28, 3); (39, 21, 6); (40, 29, 3); (41, 26, 4); (45, 24, 4); (46, 33, 6); (47, 29, 4); (48, 36, 2); (49, 20, 4); (50, 39, 7); 
Queue 1: closed
Queue 2: (13, 13, 7); 
Queue 3: closed
Queue 4: (10, 19, 3); 
Queue 5: closed

Apr 26, 2023 11:40:35 PM logic.SimulationManager run
INFO: 
Time: 20
Waiting Clients: (1, 32, 6); (2, 23, 4); (5, 34, 7); (6, 24, 4); (7, 33, 6); (8, 34, 2); (9, 23, 4); (11, 32, 1); (12, 27, 6); (15, 34, 5); (16, 30, 4); (17, 25, 5); (18, 25, 7); (19, 28, 3); (21, 38, 5); (24, 38, 1); (25, 23, 4); (28, 23, 4); (33, 36, 6); (34, 38, 6); (37, 29, 2); (38, 28, 3); (39, 21, 6); (40, 29, 3); (41, 26, 4); (45, 24, 4); (46, 33, 6); (47, 29, 4); (48, 36, 2); (50, 39, 7); 
Queue 1: (29, 20, 4); 
Queue 2: (13, 13, 7); 
Queue 3: (49, 20, 4); 
Queue 4: (10, 19, 3); 
Queue 5: closed

Apr 26, 2023 11:40:36 PM logic.SimulationManager run
INFO: 
Time: 21
Waiting Clients: (1, 32, 6); (2, 23, 4); (5, 34, 7); (6, 24, 4); (7, 33, 6); (8, 34, 2); (9, 23, 4); (11, 32, 1); (12, 27, 6); (15, 34, 5); (16, 30, 4); (17, 25, 5); (18, 25, 7); (19, 28, 3); (21, 38, 5); (24, 38, 1); (25, 23, 4); (28, 23, 4); (33, 36, 6); (34, 38, 6); (37, 29, 2); (38, 28, 3); (40, 29, 3); (41, 26, 4); (45, 24, 4); (46, 33, 6); (47, 29, 4); (48, 36, 2); (50, 39, 7); 
Queue 1: (29, 20, 4); 
Queue 2: (13, 13, 7); 
Queue 3: (49, 20, 4); 
Queue 4: (10, 19, 3); 
Queue 5: (39, 21, 6); 

Apr 26, 2023 11:40:37 PM logic.SimulationManager run
INFO: 
Time: 22
Waiting Clients: (1, 32, 6); (2, 23, 4); (5, 34, 7); (6, 24, 4); (7, 33, 6); (8, 34, 2); (9, 23, 4); (11, 32, 1); (12, 27, 6); (15, 34, 5); (16, 30, 4); (17, 25, 5); (18, 25, 7); (19, 28, 3); (21, 38, 5); (24, 38, 1); (25, 23, 4); (28, 23, 4); (33, 36, 6); (34, 38, 6); (37, 29, 2); (38, 28, 3); (40, 29, 3); (41, 26, 4); (45, 24, 4); (46, 33, 6); (47, 29, 4); (48, 36, 2); (50, 39, 7); 
Queue 1: (29, 20, 4); 
Queue 2: closed
Queue 3: (49, 20, 4); 
Queue 4: closed
Queue 5: (39, 21, 6); 

Apr 26, 2023 11:40:38 PM logic.SimulationManager run
INFO: 
Time: 23
Waiting Clients: (1, 32, 6); (5, 34, 7); (6, 24, 4); (7, 33, 6); (8, 34, 2); (11, 32, 1); (12, 27, 6); (15, 34, 5); (16, 30, 4); (17, 25, 5); (18, 25, 7); (19, 28, 3); (21, 38, 5); (24, 38, 1); (33, 36, 6); (34, 38, 6); (37, 29, 2); (38, 28, 3); (40, 29, 3); (41, 26, 4); (45, 24, 4); (46, 33, 6); (47, 29, 4); (48, 36, 2); (50, 39, 7); 
Queue 1: (29, 20, 4); (25, 23, 4); 
Queue 2: (9, 23, 4); 
Queue 3: (49, 20, 4); (28, 23, 4); 
Queue 4: (2, 23, 4); 
Queue 5: (39, 21, 6); 

Apr 26, 2023 11:40:39 PM logic.SimulationManager run
INFO: 
Time: 24
Waiting Clients: (1, 32, 6); (5, 34, 7); (7, 33, 6); (8, 34, 2); (11, 32, 1); (12, 27, 6); (15, 34, 5); (16, 30, 4); (17, 25, 5); (18, 25, 7); (19, 28, 3); (21, 38, 5); (24, 38, 1); (33, 36, 6); (34, 38, 6); (37, 29, 2); (38, 28, 3); (40, 29, 3); (41, 26, 4); (46, 33, 6); (47, 29, 4); (48, 36, 2); (50, 39, 7); 
Queue 1: (25, 23, 4); (6, 24, 4); 
Queue 2: (9, 23, 4); (45, 24, 4); 
Queue 3: (28, 23, 4); 
Queue 4: (2, 23, 4); 
Queue 5: (39, 21, 6); 

Apr 26, 2023 11:40:40 PM logic.SimulationManager run
INFO: 
Time: 25
Waiting Clients: (1, 32, 6); (5, 34, 7); (7, 33, 6); (8, 34, 2); (11, 32, 1); (12, 27, 6); (15, 34, 5); (16, 30, 4); (19, 28, 3); (21, 38, 5); (24, 38, 1); (33, 36, 6); (34, 38, 6); (37, 29, 2); (38, 28, 3); (40, 29, 3); (41, 26, 4); (46, 33, 6); (47, 29, 4); (48, 36, 2); (50, 39, 7); 
Queue 1: (25, 23, 4); (6, 24, 4); 
Queue 2: (9, 23, 4); (45, 24, 4); 
Queue 3: (28, 23, 4); (17, 25, 5); 
Queue 4: (2, 23, 4); (18, 25, 7); 
Queue 5: (39, 21, 6); 

Apr 26, 2023 11:40:41 PM logic.SimulationManager run
INFO: 
Time: 26
Waiting Clients: (1, 32, 6); (5, 34, 7); (7, 33, 6); (8, 34, 2); (11, 32, 1); (12, 27, 6); (15, 34, 5); (16, 30, 4); (19, 28, 3); (21, 38, 5); (24, 38, 1); (33, 36, 6); (34, 38, 6); (37, 29, 2); (38, 28, 3); (40, 29, 3); (46, 33, 6); (47, 29, 4); (48, 36, 2); (50, 39, 7); 
Queue 1: (25, 23, 4); (6, 24, 4); 
Queue 2: (9, 23, 4); (45, 24, 4); 
Queue 3: (28, 23, 4); (17, 25, 5); 
Queue 4: (2, 23, 4); (18, 25, 7); 
Queue 5: (39, 21, 6); (41, 26, 4); 

Apr 26, 2023 11:40:42 PM logic.SimulationManager run
INFO: 
Time: 27
Waiting Clients: (1, 32, 6); (5, 34, 7); (7, 33, 6); (8, 34, 2); (11, 32, 1); (15, 34, 5); (16, 30, 4); (19, 28, 3); (21, 38, 5); (24, 38, 1); (33, 36, 6); (34, 38, 6); (37, 29, 2); (38, 28, 3); (40, 29, 3); (46, 33, 6); (47, 29, 4); (48, 36, 2); (50, 39, 7); 
Queue 1: (25, 23, 4); (6, 24, 4); 
Queue 2: (45, 24, 4); (12, 27, 6); 
Queue 3: (28, 23, 4); (17, 25, 5); 
Queue 4: (18, 25, 7); 
Queue 5: (41, 26, 4); 

Apr 26, 2023 11:40:43 PM logic.SimulationManager run
INFO: 
Time: 28
Waiting Clients: (1, 32, 6); (5, 34, 7); (7, 33, 6); (8, 34, 2); (11, 32, 1); (15, 34, 5); (16, 30, 4); (21, 38, 5); (24, 38, 1); (33, 36, 6); (34, 38, 6); (37, 29, 2); (40, 29, 3); (46, 33, 6); (47, 29, 4); (48, 36, 2); (50, 39, 7); 
Queue 1: (6, 24, 4); (38, 28, 3); 
Queue 2: (45, 24, 4); (12, 27, 6); 
Queue 3: (17, 25, 5); 
Queue 4: (18, 25, 7); 
Queue 5: (41, 26, 4); (19, 28, 3); 

Apr 26, 2023 11:40:44 PM logic.SimulationManager run
INFO: 
Time: 29
Waiting Clients: (1, 32, 6); (5, 34, 7); (7, 33, 6); (8, 34, 2); (11, 32, 1); (15, 34, 5); (16, 30, 4); (21, 38, 5); (24, 38, 1); (33, 36, 6); (34, 38, 6); (46, 33, 6); (48, 36, 2); (50, 39, 7); 
Queue 1: (6, 24, 4); (38, 28, 3); (47, 29, 4); 
Queue 2: (45, 24, 4); (12, 27, 6); 
Queue 3: (17, 25, 5); (37, 29, 2); 
Queue 4: (18, 25, 7); 
Queue 5: (41, 26, 4); (19, 28, 3); (40, 29, 3); 

Apr 26, 2023 11:40:45 PM logic.SimulationManager run
INFO: 
Time: 30
Waiting Clients: (1, 32, 6); (5, 34, 7); (7, 33, 6); (8, 34, 2); (11, 32, 1); (15, 34, 5); (21, 38, 5); (24, 38, 1); (33, 36, 6); (34, 38, 6); (46, 33, 6); (48, 36, 2); (50, 39, 7); 
Queue 1: (6, 24, 4); (38, 28, 3); (47, 29, 4); 
Queue 2: (45, 24, 4); (12, 27, 6); 
Queue 3: (17, 25, 5); (37, 29, 2); (16, 30, 4); 
Queue 4: (18, 25, 7); 
Queue 5: (41, 26, 4); (19, 28, 3); (40, 29, 3); 

Apr 26, 2023 11:40:46 PM logic.SimulationManager run
INFO: 
Time: 31
Waiting Clients: (1, 32, 6); (5, 34, 7); (7, 33, 6); (8, 34, 2); (11, 32, 1); (15, 34, 5); (21, 38, 5); (24, 38, 1); (33, 36, 6); (34, 38, 6); (46, 33, 6); (48, 36, 2); (50, 39, 7); 
Queue 1: (6, 24, 4); (38, 28, 3); (47, 29, 4); 
Queue 2: (12, 27, 6); 
Queue 3: (17, 25, 5); (37, 29, 2); (16, 30, 4); 
Queue 4: (18, 25, 7); 
Queue 5: (19, 28, 3); (40, 29, 3); 

Apr 26, 2023 11:40:47 PM logic.SimulationManager run
INFO: 
Time: 32
Waiting Clients: (5, 34, 7); (7, 33, 6); (8, 34, 2); (15, 34, 5); (21, 38, 5); (24, 38, 1); (33, 36, 6); (34, 38, 6); (46, 33, 6); (48, 36, 2); (50, 39, 7); 
Queue 1: (38, 28, 3); (47, 29, 4); 
Queue 2: (12, 27, 6); 
Queue 3: (17, 25, 5); (37, 29, 2); (16, 30, 4); 
Queue 4: (18, 25, 7); (11, 32, 1); 
Queue 5: (19, 28, 3); (40, 29, 3); (1, 32, 6); 

Apr 26, 2023 11:40:48 PM logic.SimulationManager run
INFO: 
Time: 33
Waiting Clients: (5, 34, 7); (8, 34, 2); (15, 34, 5); (21, 38, 5); (24, 38, 1); (33, 36, 6); (34, 38, 6); (48, 36, 2); (50, 39, 7); 
Queue 1: (38, 28, 3); (47, 29, 4); (46, 33, 6); 
Queue 2: (12, 27, 6); 
Queue 3: (37, 29, 2); (16, 30, 4); (7, 33, 6); 
Queue 4: (18, 25, 7); (11, 32, 1); 
Queue 5: (19, 28, 3); (40, 29, 3); (1, 32, 6); 

Apr 26, 2023 11:40:49 PM logic.SimulationManager run
INFO: 
Time: 34
Waiting Clients: (21, 38, 5); (24, 38, 1); (33, 36, 6); (34, 38, 6); (48, 36, 2); (50, 39, 7); 
Queue 1: (38, 28, 3); (47, 29, 4); (46, 33, 6); 
Queue 2: (12, 27, 6); (8, 34, 2); 
Queue 3: (37, 29, 2); (16, 30, 4); (7, 33, 6); 
Queue 4: (11, 32, 1); (5, 34, 7); (15, 34, 5); 
Queue 5: (40, 29, 3); (1, 32, 6); 

Apr 26, 2023 11:40:50 PM logic.SimulationManager run
INFO: 
Time: 35
Waiting Clients: (21, 38, 5); (24, 38, 1); (33, 36, 6); (34, 38, 6); (48, 36, 2); (50, 39, 7); 
Queue 1: (47, 29, 4); (46, 33, 6); 
Queue 2: (12, 27, 6); (8, 34, 2); 
Queue 3: (16, 30, 4); (7, 33, 6); 
Queue 4: (5, 34, 7); (15, 34, 5); 
Queue 5: (40, 29, 3); (1, 32, 6); 

Apr 26, 2023 11:40:51 PM logic.SimulationManager run
INFO: 
Time: 36
Waiting Clients: (21, 38, 5); (24, 38, 1); (34, 38, 6); (50, 39, 7); 
Queue 1: (47, 29, 4); (46, 33, 6); 
Queue 2: (12, 27, 6); (8, 34, 2); (33, 36, 6); 
Queue 3: (16, 30, 4); (7, 33, 6); 
Queue 4: (5, 34, 7); (15, 34, 5); 
Queue 5: (40, 29, 3); (1, 32, 6); (48, 36, 2); 

Apr 26, 2023 11:40:52 PM logic.SimulationManager run
INFO: 
Time: 37
Waiting Clients: (21, 38, 5); (24, 38, 1); (34, 38, 6); (50, 39, 7); 
Queue 1: (47, 29, 4); (46, 33, 6); 
Queue 2: (8, 34, 2); (33, 36, 6); 
Queue 3: (16, 30, 4); (7, 33, 6); 
Queue 4: (5, 34, 7); (15, 34, 5); 
Queue 5: (1, 32, 6); (48, 36, 2); 

Apr 26, 2023 11:40:53 PM logic.SimulationManager run
INFO: 
Time: 38
Waiting Clients: (50, 39, 7); 
Queue 1: (47, 29, 4); (46, 33, 6); (24, 38, 1); 
Queue 2: (8, 34, 2); (33, 36, 6); (21, 38, 5); 
Queue 3: (16, 30, 4); (7, 33, 6); (34, 38, 6); 
Queue 4: (5, 34, 7); (15, 34, 5); 
Queue 5: (1, 32, 6); (48, 36, 2); 

Apr 26, 2023 11:40:54 PM logic.SimulationManager run
INFO: 
Time: 39
Waiting Clients: 
Queue 1: (46, 33, 6); (24, 38, 1); 
Queue 2: (33, 36, 6); (21, 38, 5); 
Queue 3: (7, 33, 6); (34, 38, 6); 
Queue 4: (5, 34, 7); (15, 34, 5); 
Queue 5: (1, 32, 6); (48, 36, 2); (50, 39, 7); 

Apr 26, 2023 11:40:55 PM logic.SimulationManager run
INFO: 
Time: 40
Waiting Clients: 
Queue 1: (46, 33, 6); (24, 38, 1); 
Queue 2: (33, 36, 6); (21, 38, 5); 
Queue 3: (7, 33, 6); (34, 38, 6); 
Queue 4: (5, 34, 7); (15, 34, 5); 
Queue 5: (1, 32, 6); (48, 36, 2); (50, 39, 7); 

Apr 26, 2023 11:40:56 PM logic.SimulationManager run
INFO: 
Time: 41
Waiting Clients: 
Queue 1: (46, 33, 6); (24, 38, 1); 
Queue 2: (33, 36, 6); (21, 38, 5); 
Queue 3: (7, 33, 6); (34, 38, 6); 
Queue 4: (5, 34, 7); (15, 34, 5); 
Queue 5: (1, 32, 6); (48, 36, 2); (50, 39, 7); 

Apr 26, 2023 11:40:57 PM logic.SimulationManager run
INFO: 
Time: 42
Waiting Clients: 
Queue 1: (46, 33, 6); (24, 38, 1); 
Queue 2: (33, 36, 6); (21, 38, 5); 
Queue 3: (7, 33, 6); (34, 38, 6); 
Queue 4: (15, 34, 5); 
Queue 5: (1, 32, 6); (48, 36, 2); (50, 39, 7); 

Apr 26, 2023 11:40:58 PM logic.SimulationManager run
INFO: 
Time: 43
Waiting Clients: 
Queue 1: (46, 33, 6); (24, 38, 1); 
Queue 2: (33, 36, 6); (21, 38, 5); 
Queue 3: (7, 33, 6); (34, 38, 6); 
Queue 4: (15, 34, 5); 
Queue 5: (48, 36, 2); (50, 39, 7); 

Apr 26, 2023 11:40:59 PM logic.SimulationManager run
INFO: 
Time: 44
Waiting Clients: 
Queue 1: (46, 33, 6); (24, 38, 1); 
Queue 2: (33, 36, 6); (21, 38, 5); 
Queue 3: (7, 33, 6); (34, 38, 6); 
Queue 4: (15, 34, 5); 
Queue 5: (48, 36, 2); (50, 39, 7); 

Apr 26, 2023 11:41:00 PM logic.SimulationManager run
INFO: 
Time: 45
Waiting Clients: 
Queue 1: (24, 38, 1); 
Queue 2: (21, 38, 5); 
Queue 3: (34, 38, 6); 
Queue 4: (15, 34, 5); 
Queue 5: (50, 39, 7); 

Apr 26, 2023 11:41:01 PM logic.SimulationManager run
INFO: 
Time: 46
Waiting Clients: 
Queue 1: closed
Queue 2: (21, 38, 5); 
Queue 3: (34, 38, 6); 
Queue 4: (15, 34, 5); 
Queue 5: (50, 39, 7); 

Apr 26, 2023 11:41:02 PM logic.SimulationManager run
INFO: 
Time: 47
Waiting Clients: 
Queue 1: closed
Queue 2: (21, 38, 5); 
Queue 3: (34, 38, 6); 
Queue 4: closed
Queue 5: (50, 39, 7); 

Apr 26, 2023 11:41:03 PM logic.SimulationManager run
INFO: 
Time: 48
Waiting Clients: 
Queue 1: closed
Queue 2: (21, 38, 5); 
Queue 3: (34, 38, 6); 
Queue 4: closed
Queue 5: (50, 39, 7); 

Apr 26, 2023 11:41:04 PM logic.SimulationManager run
INFO: 
Time: 49
Waiting Clients: 
Queue 1: closed
Queue 2: (21, 38, 5); 
Queue 3: (34, 38, 6); 
Queue 4: closed
Queue 5: (50, 39, 7); 

Apr 26, 2023 11:41:05 PM logic.SimulationManager run
INFO: 
Time: 50
Waiting Clients: 
Queue 1: closed
Queue 2: closed
Queue 3: (34, 38, 6); 
Queue 4: closed
Queue 5: (50, 39, 7); 

Apr 26, 2023 11:41:06 PM logic.SimulationManager run
INFO: 
Time: 51
Waiting Clients: 
Queue 1: closed
Queue 2: closed
Queue 3: closed
Queue 4: closed
Queue 5: (50, 39, 7); 

Apr 26, 2023 11:41:07 PM logic.SimulationManager run
INFO: 
Time: 52
Waiting Clients: 
Queue 1: closed
Queue 2: closed
Queue 3: closed
Queue 4: closed
Queue 5: closed

Apr 26, 2023 11:41:07 PM logic.SimulationManager run
INFO: 
RESULTS: 
Average Waiting Time: 1.96
Average Service Time: 4.26
Peek Hour: 34
